127.570457512988
129.74367029134
129.74367029134
129.74367029134
129.74367029134
129.74367029134
129.74367029134
129.74367029134
129.74367029134
136.219366957616
136.219366957616
136.219366957616
136.219366957616
136.219366957616
136.219366957616
136.219366957616
136.219366957616
136.219366957616
136.219366957616
136.219366957616
136.219366957616
136.219366957616
136.219366957616
136.219366957616
136.219366957616
147.836313795224
147.836313795224
147.836313795224
147.836313795224
147.836313795224
147.836313795224
147.836313795224
147.836313795224
147.836313795224
147.836313795224
147.836313795224
147.836313795224
147.836313795224
147.836313795224
147.836313795224
147.836313795224
147.836313795224
147.836313795224
147.836313795224
147.836313795224
166.634318001334
166.634318001334
166.634318001334
166.634318001334
166.634318001334
166.634318001334
166.634318001334
166.634318001334
166.634318001334
166.634318001334
166.634318001334
166.634318001334
166.634318001334
166.634318001334
166.634318001334
166.634318001334
166.634318001334
166.634318001334
166.634318001334
166.634318001334
166.634318001334
166.634318001334
166.634318001334
166.634318001334
197.82242096183
197.82242096183
197.82242096183
197.82242096183
197.82242096183
197.82242096183
197.82242096183
197.82242096183
197.82242096183
197.82242096183
197.82242096183
197.82242096183
197.82242096183
197.82242096183
197.82242096183
197.82242096183
197.82242096183
197.82242096183
197.82242096183
197.82242096183
197.82242096183
197.82242096183
197.82242096183
197.82242096183
254.764492416532
254.764492416532
254.764492416532
254.764492416532
254.764492416532
254.764492416532
254.764492416532
254.764492416532
254.764492416532
254.764492416532
254.764492416532
254.764492416532
254.764492416532
254.764492416532
254.764492416532
254.764492416532
254.764492416532
254.764492416532
254.764492416532
254.764492416532
254.764492416532
254.764492416532
254.764492416532
254.764492416532
373.488159440984
373.488159440984
373.488159440984
373.488159440984
373.488159440984
373.488159440984
373.488159440984
373.488159440984
373.488159440984
373.488159440984
373.488159440984
373.488159440984
373.488159440984
373.488159440984
373.488159440984
373.488159440984
973.55469442433
973.55469442433
973.55469442433
973.55469442433
973.55469442433
973.55469442433
973.55469442433
973.55469442433
973.55469442433
973.55469442433
973.55469442433
973.55469442433
